name: deepec
channels:
  - bioconda
  - defaults
dependencies:
  - diamond=0.9.24=ha87ae23_0
  - absl-py=0.7.0=py36_0
  - biopython=1.70=py36h637b7d7_0
  - blas=1.0=mkl
  - bleach=1.5.0=py36_0
  - boost=1.67.0=py36_4
  - bzip2=1.0.6=h14c3975_5
  - ca-certificates=2019.1.23=0
  - certifi=2018.11.29=py36_0
  - h5py=2.7.1=py36ha1f6525_2
  - hdf5=1.10.2=hba1933b_1
  - html5lib=0.9999999=py36_0
  - icu=58.2=h9c2bf20_1
  - intel-openmp=2019.1=144
  - keras=2.1.6=py36_0
  - libboost=1.67.0=h46d08c1_4
  - libedit=3.1.20181209=hc058e9b_0
  - libffi=3.2.1=hd88cf55_4
  - libgcc-ng=8.2.0=hdf63c60_1
  - libgfortran-ng=7.3.0=hdf63c60_0
  - libprotobuf=3.6.1=hd408876_0
  - libstdcxx-ng=8.2.0=hdf63c60_1
  - markdown=3.0.1=py36_0
  - mkl=2018.0.3=1
  - mkl_fft=1.0.6=py36h7dd41cf_0
  - mkl_random=1.0.1=py36h4414c95_1
  - ncurses=6.1=he6710b0_1
  - numpy=1.12.1=py36he24570b_1
  - numpy-base=1.15.4=py36h81de0dd_0
  - openssl=1.1.1a=h7b6447c_0
  - pandas=0.19.2=np112py36_1
  - pip=19.0.1=py36_0
  - protobuf=3.6.1=py36he6710b0_0
  - py-boost=1.67.0=py36h04863e7_4
  - python=3.6.8=h0371630_0
  - python-dateutil=2.7.5=py36_0
  - pytz=2018.9=py36_0
  - pyyaml=3.13=py36h14c3975_0
  - readline=7.0=h7b6447c_5
  - scikit-learn=0.19.0=py36h97ac459_2
  - scipy=1.1.0=py36hd20e5f9_0
  - setuptools=40.8.0=py36_0
  - six=1.12.0=py36_0
  - sqlite=3.26.0=h7b6447c_0
  - tensorflow=1.5.0=0
  - tensorflow-base=1.5.0=py36hff88cb2_1
  - tensorflow-tensorboard=1.5.1=py36hf484d3e_1
  - tk=8.6.8=hbc83047_0
  - werkzeug=0.14.1=py36_0
  - wheel=0.32.3=py36_0
  - xz=5.2.4=h14c3975_4
  - yaml=0.1.7=had09818_2
  - zlib=1.2.11=h7b6447c_3
prefix: /home/jyryu3161/anaconda2/envs/deepec

